1. System Started.
2. System Initiated.
3. Controller Starting.

Time,      Power,    Angle,    Height,    Error
0.00,      100,      -0.0,      0.000,     -0.430
0.04,      112,      -2.5,      0.021,     -0.409
0.08,      138,      -5.1,      0.044,     -0.386
0.12,      160,      -8.2,      0.070,     -0.360
0.16,      180,      -11.6,     0.099,     -0.331
0.20,      200,      -15.1,     0.128,     -0.302
0.24,      215,      -18.4,     0.155,     -0.275
0.28,      228,      -21.5,     0.179,     -0.251
0.32,      240,      -24.3,     0.200,     -0.230
0.36,      245,      -26.8,     0.217,     -0.213
0.40,      248,      -29.1,     0.232,     -0.198
0.44,      250,      -31.0,     0.244,     -0.186
0.48,      252,      -32.7,     0.254,     -0.176
0.52,      253,      -34.1,     0.261,     -0.169
0.56,      254,      -35.2,     0.267,     -0.163
0.60,      254,      -36.1,     0.272,     -0.158
0.64,      254,      -36.8,     0.276,     -0.154
0.68,      254,      -37.4,     0.279,     -0.151
0.72,      254,      -37.9,     0.282,     -0.148
0.76,      253,      -38.3,     0.284,     -0.146
...
5.00,      120,      -55.0,     0.430,      0.000

4. Shuting down...
----------------------------------
Time to max height: 5.00 s
Current  pot_Angle: -55.0°
First height: 0.000 m
Corrected height: 0.430 m

Max error: 0.430 m
Corrected error: 0.000 m
----------------------------------
